387.0  582.0  0.0
410.0  587.0  0.0
423.0  566.0  0.0
435.0  534.0  0.0
485.0  521.0  0.0
504.0  465.0  0.0
526.0  383.0  0.0
542.0  379.0  0.0
540.0  365.0  0.0
619.0  327.0  0.0
649.0  311.0  0.0
673.0  300.0  0.0
678.0  252.0  0.0
710.0  231.0  0.0
725.0  217.0  0.0
715.0  193.0  0.0
694.0  192.0  0.0
655.0  194.0  0.0
624.0  164.0  0.0
563.0  171.0  0.0
483.0  195.0  0.0
472.0  184.0  0.0
458.0  191.0  0.0
388.0  139.0  0.0
362.0  123.0  0.0
338.0  107.0  0.0
295.0  130.0  0.0
260.0  113.0  0.0
243.0  105.0  0.0
224.0  123.0  0.0
235.0  145.0  0.0
255.0  175.0  0.0
242.0  215.0  0.0
281.0  263.0  0.0
339.0  322.0  0.0
337.0  337.0  0.0
350.0  349.0  0.0
339.0  433.0  0.0
339.0  491.0  0.0
378.0  519.0  0.0
379.0  558.0  0.0
387.0  582.0  0.0